2	2
16	3
4	4
16	5
16	6
52	7
8	8
52	9
16	10
52	11
16	12
40	13
52	14
160	15
16	16
52	17
52	18
88	19
20	20
64	21
52	22
160	23
499	24
88	25
40	26
9232	27
52	28
88	29
160	30
9232	31
32	32
100	33
52	34
160	35
52	36
112	37
88	38
304	39
40	40
9232	41
64	42
196	43
52	44
136	45
160	46
9232	47
48	48
148	49
88	50
232	51
52	52
160	53
9232	54
9232	55
56	56
196	57
88	58
304	59
160	60
184	61
9232	62
9232	63
64	64
196	65
100	66
304	67
68	68
208	69
160	70
9232	71
72	72
9232	73
112	74
340	75
88	76
232	77
304	78
808	79
80	80
244	81
9232	82
9232	83
84	84
256	85
196	86
592	87
88	88
304	89
136	90
9232	91
160	92
280	93
9232	94
9232	95
96	96
9232	97
148	98
448	99
100	100
304	101
232	102
9232	103
104	104
808	105
160	106
9232	107
9232	108
9232	109
9232	110
9232	111
112	112
340	113
196	114
520	115
116	116
352	117
304	118
108	119
160	120
9232	121
184	122
628	123
9232	124
9232	125
9232	126
4372	127
128	128
9232	129
196	130
592	131
132	132
400	133
304	134
916	135
136	136
9232	137
208	138
628	139
160	140
424	141
9232	142
9232	143
144	144
9232	145
9232	146
9232	147
148	148
448	149
340	150
1024	151
152	152
520	153
232	154
9232	155
304	156
472	157
808	158
9232	159
160	160
9232	161
244	162
736	163
9232	164
9232	165
9232	166
9232	167
168	168
4372	169
256	170
9232	171
196	172
520	173
592	174
9232	175
176	176
532	177
304	178
808	179
180	180
544	181
9232	182
9232	183
184	184
628	185
280	186
952	187
9232	188
9232	189
9232	190
4372	191
192	192
9232	193
9232	194
9232	195
196	196
592	197
448	198
9232	199
200	200
1024	201
304	202
916	203
232	204
616	205
9232	206
9232	207
208	208
628	209
808	210
952	211
212	212
640	213
9232	214
9232	215
9232	216
736	217
9232	218
1672	219
9232	220
9232	221
9232	222
9232	223
224	224
4372	225
340	226
1024	227
228	228
688	229
520	230
9232	231
232	232
9232	233
352	234
9232	235
304	236
712	237
808	238
9232	239
240	240
724	241
9232	242
9232	243
244	244
736	245
628	246
1672	247
9232	248
952	249
9232	250
9232	251
9232	252
9232	253
4372	254
13120	255
256	256
9232	257
9232	258
9232	259
260	260
784	261
592	262
9232	263
264	264
9232	265
400	266
1204	267
304	268
808	269
916	270
2752	271
272	272
820	273
9232	274
9232	275
276	276
832	277
628	278
1888	279
280	280
952	281
424	282
9232	283
9232	284
9232	285
9232	286
4372	287
288	288
868	289
9232	290
9232	291
9232	292
9232	293
9232	294
2248	295
296	296
9232	297
448	298
9232	299
340	300
904	301
1024	302
3076	303
304	304
916	305
520	306
1384	307
308	308
928	309
9232	310
9232	311
312	312
9232	313
472	314
1600	315
808	316
952	317
9232	318
9232	319
320	320
964	321
9232	322
9232	323
324	324
976	325
736	326
9232	327
9232	328
1672	329
9232	330
1492	331
9232	332
9232	333
9232	334
9232	335
336	336
9232	337
4372	338
4372	339
340	340
1024	341
9232	342
9232	343
344	344
9232	345
520	346
9232	347
592	348
1048	349
9232	350
9232	351
352	352
9232	353
532	354
1600	355
356	356
1072	357
808	358
9232	359
360	360
2752	361
544	362
1636	363
9232	364
9232	365
9232	366
4192	367
368	368
1108	369
628	370
1672	371
372	372
1120	373
952	374
2536	375
9232	376
9232	377
9232	378
2752	379
9232	380
9232	381
4372	382
13120	383
384	384
1156	385
9232	386
9232	387
9232	388
9232	389
9232	390
9232	391
392	392
2248	393
592	394
9232	395
448	396
1192	397
9232	398
9232	399
400	400
1204	401
1024	402
1816	403
404	404
1216	405
916	406
2752	407
408	408
1384	409
616	410
9232	411
9232	412
9232	413
9232	414
9232	415
416	416
9232	417
628	418
1888	419
808	420
1264	421
952	422
3220	423
424	424
9232	425
640	426
2752	427
9232	428
9232	429
9232	430
4372	431
9232	432
1300	433
736	434
1960	435
9232	436
9232	437
1672	438
2968	439
9232	440
1492	441
9232	442
2248	443
9232	444
9232	445
9232	446
39364	447
448	448
9232	449
4372	450
4372	451
452	452
1360	453
1024	454
3076	455
456	456
9232	457
688	458
9232	459
520	460
1384	461
9232	462
9232	463
464	464
1396	465
9232	466
9232	467
468	468
1408	469
9232	470
9232	471
472	472
1600	473
712	474
3616	475
808	476
1432	477
9232	478
9232	479
480	480
2752	481
724	482
2176	483
9232	484
9232	485
9232	486
9232	487
488	488
4192	489
736	490
9232	491
628	492
1480	493
1672	494
14308	495
9232	496
1492	497
952	498
2248	499
9232	500
9232	501
9232	502
9232	503
9232	504
2752	505
9232	506
2896	507
4372	508
4372	509
13120	510
39364	511
512	512
1540	513
9232	514
9232	515
9232	516
9232	517
9232	518
3508	519
520	520
9232	521
784	522
9232	523
592	524
1576	525
9232	526
9232	527
528	528
1588	529
9232	530
9232	531
532	532
1600	533
1204	534
3616	535
536	536
1816	537
808	538
9232	539
916	540
1624	541
2752	542
9232	543
544	544
1636	545
820	546
2464	547
9232	548
9232	549
9232	550
4192	551
552	552
9232	553
832	554
2500	555
628	556
1672	557
1888	558
8080	559
560	560
1684	561
952	562
2536	563
564	564
1696	565
9232	566
9232	567
9232	568
2752	569
9232	570
2896	571
9232	572
9232	573
4372	574
13120	575
576	576
1732	577
868	578
2608	579
9232	580
9232	581
9232	582
3940	583
9232	584
2968	585
9232	586
9232	587
9232	588
9232	589
2248	590
5992	591
592	592
9232	593
9232	594
9232	595
596	596
1792	597
9232	598
9232	599
600	600
4372	601
904	602
5812	603
1024	604
1816	605
3076	606
9232	607
608	608
9232	609
916	610
2752	611
612	612
1840	613
1384	614
10528	615
616	616
9232	617
928	618
9232	619
9232	620
9232	621
9232	622
9232	623
624	624
1876	625
9232	626
9232	627
628	628
1888	629
1600	630
4264	631
808	632
3616	633
952	634
3220	635
9232	636
9232	637
9232	638
41524	639
640	640
2752	641
964	642
2896	643
9232	644
9232	645
9232	646
4372	647
648	648
9232	649
976	650
9232	651
736	652
1960	653
9232	654
9232	655
9232	656
1972	657
1672	658
2968	659
9232	660
9232	661
1492	662
4480	663
9232	664
2248	665
9232	666
21688	667
9232	668
9232	669
9232	670
39364	671
672	672
2752	673
9232	674
9232	675
4372	676
4372	677
4372	678
5812	679
680	680
39364	681
1024	682
3076	683
9232	684
9232	685
9232	686
6964	687
688	688
9232	689
9232	690
9232	691
692	692
2080	693
9232	694
9232	695
696	696
9232	697
1048	698
3544	699
9232	700
9232	701
9232	702
250504	703
704	704
2116	705
9232	706
9232	707
708	708
2128	709
1600	710
4804	711
712	712
3616	713
1072	714
3220	715
808	716
2152	717
9232	718
9232	719
720	720
2164	721
2752	722
3256	723
724	724
2176	725
1636	726
4912	727
9232	728
2464	729
9232	730
9232	731
9232	732
9232	733
4192	734
11176	735
736	736
9232	737
1108	738
3328	739
740	740
2224	741
1672	742
14308	743
744	744
8080	745
1120	746
4264	747
952	748
2248	749
2536	750
21688	751
9232	752
2260	753
9232	754
9232	755
9232	756
9232	757
2752	758
5128	759
9232	760
2896	761
9232	762
9232	763
4372	764
4372	765
13120	766
39364	767
768	768
2308	769
1156	770
3472	771
9232	772
9232	773
9232	774
9232	775
9232	776
3940	777
9232	778
3508	779
9232	780
9232	781
9232	782
9232	783
784	784
9232	785
2248	786
3544	787
788	788
2368	789
9232	790
9232	791
792	792
9232	793
1192	794
39364	795
9232	796
9232	797
9232	798
12148	799
800	800
4372	801
1204	802
3616	803
1024	804
2416	805
1816	806
39364	807
808	808
9232	809
1216	810
9232	811
916	812
2440	813
2752	814
9232	815
816	816
2452	817
1384	818
3688	819
820	820
2464	821
9232	822
9232	823
9232	824
9232	825
9232	826
4192	827
9232	828
9232	829
9232	830
18952	831
832	832
2500	833
9232	834
9232	835
836	836
2512	837
1888	838
8080	839
840	840
4264	841
1264	842
3796	843
952	844
2536	845
3220	846
8584	847
848	848
9232	849
9232	850
9232	851
852	852
2560	853
2752	854
5776	855
9232	856
2896	857
9232	858
9232	859
9232	860
9232	861
4372	862
13120	863
9232	864
9232	865
1300	866
3904	867
868	868
2608	869
1960	870
190996	871
9232	872
9232	873
9232	874
3940	875
1672	876
2632	877
2968	878
10024	879
9232	880
9232	881
1492	882
3976	883
9232	884
9232	885
2248	886
5992	887
9232	888
21688	889
9232	890
8584	891
9232	892
9232	893
39364	894
39364	895
896	896
2752	897
9232	898
9232	899
4372	900
4372	901
4372	902
9232	903
904	904
5812	905
1360	906
13120	907
1024	908
2728	909
3076	910
9232	911
912	912
9232	913
9232	914
9232	915
916	916
2752	917
9232	918
9232	919
920	920
9232	921
1384	922
10528	923
9232	924
9232	925
9232	926
15856	927
928	928
9232	929
1396	930
4192	931
9232	932
9232	933
9232	934
9232	935
936	936
250504	937
1408	938
9232	939
9232	940
9232	941
9232	942
9556	943
944	944
2836	945
1600	946
4264	947
948	948
2848	949
3616	950
6424	951
952	952
3220	953
1432	954
4840	955
9232	956
9232	957
9232	958
41524	959
960	960
2884	961
2752	962
4336	963
964	964
2896	965
2176	966
9232	967
9232	968
4912	969
9232	970
4372	971
9232	972
9232	973
9232	974
9880	975
976	976
9232	977
4192	978
4408	979
980	980
2944	981
9232	982
9232	983
984	984
3328	985
1480	986
7504	987
1672	988
2968	989
14308	990
15064	991
9232	992
8080	993
1492	994
4480	995
996	996
2992	997
2248	998
11392	999
9232	1000
21688	1001
9232	1002
8584	1003
9232	1004
9232	1005
9232	1006
39364	1007
9232	1008
9232	1009
2752	1010
4552	1011
9232	1012
9232	1013
2896	1014
6856	1015
4372	1016
9232	1017
4372	1018
5812	1019
13120	1020
13120	1021
39364	1022
118096	1023
1024	1024
3076	1025
1540	1026
4624	1027
9232	1028
9232	1029
9232	1030
6964	1031
9232	1032
9232	1033
9232	1034
9232	1035
9232	1036
9232	1037
3508	1038
10528	1039
1040	1040
9232	1041
9232	1042
9232	1043
1044	1044
3136	1045
9232	1046
9232	1047
1048	1048
3544	1049
1576	1050
45520	1051
9232	1052
9232	1053
9232	1054
250504	1055
1056	1056
9232	1057
1588	1058
4768	1059
9232	1060
9232	1061
9232	1062
8080	1063
1064	1064
12148	1065
1600	1066
4804	1067
1204	1068
3208	1069
3616	1070
10852	1071
1072	1072
3220	1073
1816	1074
4840	1075
1076	1076
3232	1077
9232	1078
9232	1079
1080	1080
9232	1081
1624	1082
9232	1083
2752	1084
3256	1085
9232	1086
24784	1087
1088	1088
3268	1089
1636	1090
4912	1091
1092	1092
3280	1093
2464	1094
7396	1095
9232	1096
9232	1097
9232	1098
4948	1099
9232	1100
9232	1101
4192	1102
11176	1103
1104	1104
9232	1105
9232	1106
9232	1107
1108	1108
3328	1109
2500	1110
7504	1111
1112	1112
9232	1113
1672	1114
14308	1115
1888	1116
3352	1117
8080	1118
17008	1119
1120	1120
4264	1121
1684	1122
5056	1123
1124	1124
3376	1125
2536	1126
21688	1127
1128	1128
8584	1129
1696	1130
5092	1131
9232	1132
9232	1133
9232	1134
14560	1135
9232	1136
3412	1137
2752	1138
5128	1139
9232	1140
9232	1141
2896	1142
7720	1143
9232	1144
9232	1145
9232	1146
5812	1147
4372	1148
4372	1149
13120	1150
39364	1151
1152	1152
9232	1153
1732	1154
5200	1155
1156	1156
3472	1157
2608	1158
7828	1159
9232	1160
190996	1161
9232	1162
9232	1163
9232	1164
9232	1165
3940	1166
11824	1167
9232	1168
3508	1169
2968	1170
5272	1171
9232	1172
9232	1173
9232	1174
9232	1175
9232	1176
3976	1177
9232	1178
13444	1179
2248	1180
3544	1181
5992	1182
45520	1183
1184	1184
21688	1185
9232	1186
9232	1187
9232	1188
9232	1189
9232	1190
15280	1191
1192	1192
39364	1193
1792	1194
9232	1195
9232	1196
9232	1197
9232	1198
12148	1199
1200	1200
4372	1201
4372	1202
5416	1203
1204	1204
3616	1205
5812	1206
8152	1207
1208	1208
13120	1209
1816	1210
39364	1211
3076	1212
3640	1213
9232	1214
27700	1215
1216	1216
9232	1217
9232	1218
9232	1219
1220	1220
3664	1221
2752	1222
9232	1223
1224	1224
9232	1225
1840	1226
9232	1227
1384	1228
3688	1229
10528	1230
12472	1231
1232	1232
9232	1233
9232	1234
9232	1235
1236	1236
3712	1237
9232	1238
9232	1239
9232	1240
4192	1241
9232	1242
9448	1243
9232	1244
9232	1245
9232	1246
18952	1247
1248	1248
250504	1249
1876	1250
5632	1251
9232	1252
9232	1253
9232	1254
14308	1255
1256	1256
9556	1257
1888	1258
8080	1259
1600	1260
3784	1261
4264	1262
138400	1263
1264	1264
3796	1265
3616	1266
5704	1267
1268	1268
3808	1269
3220	1270
8584	1271
9232	1272
4840	1273
9232	1274
39364	1275
9232	1276
9232	1277
41524	1278
65608	1279
1280	1280
3844	1281
2752	1282
5776	1283
1284	1284
3856	1285
2896	1286
9232	1287
9232	1288
9232	1289
9232	1290
5812	1291
9232	1292
9232	1293
4372	1294
13120	1295
1296	1296
9232	1297
9232	1298
9232	1299
1300	1300
3904	1301
9232	1302
9232	1303
1304	1304
4408	1305
1960	1306
190996	1307
9232	1308
9232	1309
9232	1310
19924	1311
9232	1312
3940	1313
1972	1314
5920	1315
1672	1316
3952	1317
2968	1318
10024	1319
9232	1320
15064	1321
9232	1322
5956	1323
1492	1324
3976	1325
4480	1326
13444	1327
9232	1328
3988	1329
2248	1330
5992	1331
9232	1332
9232	1333
21688	1334
21688	1335
9232	1336
8584	1337
9232	1338
6784	1339
9232	1340
9232	1341
39364	1342
39364	1343
1344	1344
9232	1345
2752	1346
6064	1347
9232	1348
9232	1349
9232	1350
17332	1351
4372	1352
6856	1353
4372	1354
9232	1355
4372	1356
4372	1357
5812	1358
13768	1359
1360	1360
13120	1361
39364	1362
39364	1363
1364	1364
4096	1365
3076	1366
9232	1367
9232	1368
4624	1369
9232	1370
10420	1371
9232	1372
9232	1373
6964	1374
20896	1375
1376	1376
9232	1377
9232	1378
9232	1379
9232	1380
9232	1381
9232	1382
95956	1383
1384	1384
10528	1385
2080	1386
6244	1387
9232	1388
9232	1389
9232	1390
15856	1391
1392	1392
4180	1393
9232	1394
9232	1395
1396	1396
4192	1397
3544	1398
9448	1399
9232	1400
45520	1401
9232	1402
9232	1403
9232	1404
9232	1405
250504	1406
250504	1407
1408	1408
9232	1409
2116	1410
6352	1411
9232	1412
9232	1413
9232	1414
9556	1415
1416	1416
8080	1417
2128	1418
9232	1419
1600	1420
4264	1421
4804	1422
14416	1423
1424	1424
4276	1425
3616	1426
6424	1427
1428	1428
4288	1429
3220	1430
9664	1431
1432	1432
4840	1433
2152	1434
39364	1435
9232	1436
9232	1437
9232	1438
41524	1439
1440	1440
9232	1441
2164	1442
6496	1443
2752	1444
4336	1445
3256	1446
10996	1447
1448	1448
24784	1449
2176	1450
9232	1451
1636	1452
4360	1453
4912	1454
14740	1455
9232	1456
4372	1457
2464	1458
6568	1459
9232	1460
9232	1461
9232	1462
9880	1463
9232	1464
4948	1465
9232	1466
9232	1467
4192	1468
4408	1469
11176	1470
190996	1471
1472	1472
9232	1473
9232	1474
9232	1475
1476	1476
4432	1477
3328	1478
9988	1479
1480	1480
7504	1481
2224	1482
9232	1483
1672	1484
4456	1485
14308	1486
15064	1487
1488	1488
4468	1489
8080	1490
8080	1491
1492	1492
4480	1493
4264	1494
10096	1495
1496	1496
5056	1497
2248	1498
11392	1499
2536	1500
4504	1501
21688	1502
22840	1503
9232	1504
8584	1505
2260	1506
6784	1507
9232	1508
9232	1509
9232	1510
39364	1511
9232	1512
14560	1513
9232	1514
65608	1515
2752	1516
4552	1517
5128	1518
25972	1519
9232	1520
9232	1521
2896	1522
6856	1523
9232	1524
9232	1525
9232	1526
10312	1527
4372	1528
5812	1529
4372	1530
8728	1531
13120	1532
13120	1533
39364	1534
118096	1535
1536	1536
9232	1537
2308	1538
6928	1539
1540	1540
4624	1541
3472	1542
10420	1543
9232	1544
7828	1545
9232	1546
6964	1547
9232	1548
9232	1549
9232	1550
15712	1551
9232	1552
9232	1553
3940	1554
7000	1555
9232	1556
9232	1557
3508	1558
10528	1559
9232	1560
5272	1561
9232	1562
26728	1563
9232	1564
9232	1565
9232	1566
23812	1567
1568	1568
4708	1569
9232	1570
9232	1571
2248	1572
4720	1573
3544	1574
11968	1575
1576	1576
45520	1577
2368	1578
9232	1579
9232	1580
9232	1581
9232	1582
250504	1583
1584	1584
9232	1585
9232	1586
9232	1587
1588	1588
4768	1589
39364	1590
39364	1591
9232	1592
9232	1593
9232	1594
8080	1595
9232	1596
9232	1597
12148	1598
36448	1599
1600	1600
4804	1601
4372	1602
7216	1603
1604	1604
4816	1605
3616	1606
10852	1607
1608	1608
8152	1609
2416	1610
7252	1611
1816	1612
4840	1613
39364	1614
39364	1615
1616	1616
4852	1617
9232	1618
9232	1619
1620	1620
4864	1621
9232	1622
10960	1623
1624	1624
9232	1625
2440	1626
13912	1627
2752	1628
4888	1629
9232	1630
24784	1631
1632	1632
9232	1633
2452	1634
7360	1635
1636	1636
4912	1637
3688	1638
95956	1639
1640	1640
12472	1641
2464	1642
7396	1643
9232	1644
9232	1645
9232	1646
18772	1647
9232	1648
4948	1649
9232	1650
9232	1651
9232	1652
9232	1653
4192	1654
11176	1655
9232	1656
9448	1657
9232	1658
8404	1659
9232	1660
9232	1661
18952	1662
95956	1663
1664	1664
250504	1665
2500	1666
7504	1667
9232	1668
9232	1669
9232	1670
11284	1671
1672	1672
14308	1673
2512	1674
9232	1675
1888	1676
5032	1677
8080	1678
17008	1679
1680	1680
5044	1681
4264	1682
7576	1683
1684	1684
5056	1685
3796	1686
11392	1687
1688	1688
5704	1689
2536	1690
21688	1691
3220	1692
5080	1693
8584	1694
48904	1695
1696	1696
5092	1697
9232	1698
9232	1699
9232	1700
9232	1701
9232	1702
14560	1703
1704	1704
65608	1705
2560	1706
9232	1707
2752	1708
5128	1709
5776	1710
17332	1711
9232	1712
5140	1713
2896	1714
7720	1715
9232	1716
9232	1717
9232	1718
11608	1719
9232	1720
5812	1721
9232	1722
8728	1723
4372	1724
5176	1725
13120	1726
39364	1727
9232	1728
9232	1729
9232	1730
9232	1731
1732	1732
5200	1733
3904	1734
11716	1735
1736	1736
9232	1737
2608	1738
7828	1739
1960	1740
5224	1741
190996	1742
190996	1743
9232	1744
9232	1745
9232	1746
9232	1747
9232	1748
9232	1749
3940	1750
11824	1751
1752	1752
5920	1753
2632	1754
13336	1755
2968	1756
5272	1757
10024	1758
26728	1759
9232	1760
15064	1761
9232	1762
9232	1763
1764	1764
5296	1765
3976	1766
22660	1767
9232	1768
13444	1769
9232	1770
10096	1771
2248	1772
5320	1773
5992	1774
45520	1775
9232	1776
9232	1777
21688	1778
21688	1779
9232	1780
9232	1781
8584	1782
12040	1783
9232	1784
6784	1785
9232	1786
15280	1787
39364	1788
39364	1789
39364	1790
103336	1791
1792	1792
9232	1793
2752	1794
8080	1795
9232	1796
9232	1797
9232	1798
12148	1799
4372	1800
17332	1801
4372	1802
8116	1803
4372	1804
5416	1805
9232	1806
18304	1807
1808	1808
5428	1809
5812	1810
8152	1811
1812	1812
5440	1813
13120	1814
13120	1815
1816	1816
39364	1817
2728	1818
1276936	1819
3076	1820
5464	1821
9232	1822
27700	1823
1824	1824
5476	1825
9232	1826
9232	1827
9232	1828
9232	1829
9232	1830
13912	1831
1832	1832
20896	1833
2752	1834
9232	1835
9232	1836
9232	1837
9232	1838
18628	1839
1840	1840
9232	1841
9232	1842
9232	1843
1844	1844
5536	1845
10528	1846
12472	1847
9232	1848
6244	1849
9232	1850
9376	1851
9232	1852
9232	1853
15856	1854
42280	1855
1856	1856
5572	1857
9232	1858
9232	1859
1860	1860
5584	1861
4192	1862
15928	1863
9232	1864
9448	1865
9232	1866
8404	1867
9232	1868
9232	1869
9232	1870
18952	1871
1872	1872
9232	1873
250504	1874
250504	1875
1876	1876
5632	1877
9232	1878
12688	1879
9232	1880
6352	1881
9232	1882
14308	1883
9232	1884
9232	1885
9556	1886
28672	1887
1888	1888
8080	1889
2836	1890
8512	1891
1892	1892
5680	1893
4264	1894
138400	1895
1896	1896
14416	1897
2848	1898
8548	1899
3616	1900
5704	1901
6424	1902
21688	1903
1904	1904
5716	1905
3220	1906
8584	1907
1908	1908
5728	1909
4840	1910
12904	1911
9232	1912
39364	1913
9232	1914
1276936	1915
9232	1916
9232	1917
41524	1918
65608	1919
1920	1920
9232	1921
2884	1922
8656	1923
2752	1924
5776	1925
4336	1926
13012	1927
1928	1928
10996	1929
2896	1930
9232	1931
2176	1932
5800	1933
9232	1934
19600	1935
9232	1936
5812	1937
4912	1938
8728	1939
9232	1940
9232	1941
4372	1942
13120	1943
9232	1944
6568	1945
9232	1946
22192	1947
9232	1948
9232	1949
9880	1950
33352	1951
1952	1952
5860	1953
9232	1954
9232	1955
4192	1956
5872	1957
4408	1958
80512	1959
1960	1960
190996	1961
2944	1962
9448	1963
9232	1964
9232	1965
9232	1966
19924	1967
1968	1968
5908	1969
3328	1970
8872	1971
1972	1972
5920	1973
7504	1974
13336	1975
1976	1976
9232	1977
2968	1978
10024	1979
14308	1980
14308	1981
15064	1982
50848	1983
9232	1984
5956	1985
8080	1986
8944	1987
1988	1988
5968	1989
4480	1990
13444	1991
1992	1992
10096	1993
2992	1994
8980	1995
2248	1996
5992	1997
11392	1998
20248	1999
9232	2000
6004	2001
21688	2002
21688	2003
9232	2004
9232	2005
8584	2006
13552	2007
9232	2008
6784	2009
9232	2010
15280	2011
9232	2012
9232	2013
39364	2014
39364	2015
9232	2016
14560	2017
9232	2018
9232	2019
2752	2020
6064	2021
4552	2022
23056	2023
9232	2024
25972	2025
9232	2026
17332	2027
2896	2028
6088	2029
6856	2030
34720	2031
4372	2032
9232	2033
9232	2034
9232	2035
4372	2036
6112	2037
5812	2038
13768	2039
13120	2040
8728	2041
13120	2042
44224	2043
39364	2044
39364	2045
118096	2046
1276936	2047
2048	2048
9232	2049
3076	2050
9232	2051
2052	2052
6160	2053
4624	2054
13876	2055
9232	2056
10420	2057
9232	2058
9268	2059
9232	2060
9232	2061
6964	2062
20896	2063
9232	2064
9232	2065
9232	2066
9304	2067
9232	2068
9232	2069
9232	2070
13984	2071
9232	2072
7000	2073
9232	2074
95956	2075
3508	2076
6232	2077
10528	2078
31588	2079
2080	2080
6244	2081
9232	2082
9376	2083
9232	2084
9232	2085
9232	2086
15856	2087
2088	2088
23812	2089
3136	2090
9412	2091
9232	2092
9232	2093
9232	2094
21220	2095
2096	2096
6292	2097
3544	2098
9448	2099
2100	2100
6304	2101
45520	2102
45520	2103
9232	2104
9232	2105
9232	2106
21688	2107
9232	2108
9232	2109
250504	2110
250504	2111
2112	2112
9232	2113
9232	2114
9520	2115
2116	2116
6352	2117
4768	2118
14308	2119
9232	2120
39364	2121
9232	2122
9556	2123
9232	2124
9232	2125
8080	2126
21544	2127
2128	2128
9232	2129
12148	2130
12148	2131
2132	2132
6400	2133
4804	2134
14416	2135
2136	2136
7216	2137
3208	2138
61720	2139
3616	2140
6424	2141
10852	2142
32560	2143
2144	2144
8152	2145
3220	2146
9664	2147
2148	2148
6448	2149
4840	2150
176740	2151
2152	2152
39364	2153
3232	2154
1276936	2155
9232	2156
9232	2157
9232	2158
41524	2159
2160	2160
6484	2161
9232	2162
9736	2163
2164	2164
6496	2165
9232	2166
14632	2167
2752	2168
13912	2169
3256	2170
10996	2171
9232	2172
9232	2173
24784	2174
74356	2175
2176	2176
9232	2177
3268	2178
9808	2179
2180	2180
6544	2181
4912	2182
14740	2183
2184	2184
95956	2185
3280	2186
10528	2187
2464	2188
6568	2189
7396	2190
22192	2191
9232	2192
9232	2193
9232	2194
9880	2195
9232	2196
9232	2197
4948	2198
14848	2199
9232	2200
9232	2201
9232	2202
25108	2203
4192	2204
6616	2205
11176	2206
190996	2207
2208	2208
9448	2209
9232	2210
9952	2211
9232	2212
9232	2213
9232	2214
345544	2215
2216	2216
95956	2217
3328	2218
9988	2219
2500	2220
6664	2221
7504	2222
250504	2223
2224	2224
9232	2225
9232	2226
10024	2227
2228	2228
6688	2229
14308	2230
15064	2231
2232	2232
9232	2233
3352	2234
11320	2235
8080	2236
8080	2237
17008	2238
51028	2239
2240	2240
6724	2241
4264	2242
10096	2243
2244	2244
6736	2245
5056	2246
15172	2247
2248	2248
11392	2249
3376	2250
10132	2251
2536	2252
6760	2253
21688	2254
22840	2255
2256	2256
6772	2257
8584	2258
10168	2259
2260	2260
6784	2261
5092	2262
15280	2263
9232	2264
9232	2265
9232	2266
39364	2267
9232	2268
9232	2269
14560	2270
34504	2271
9232	2272
65608	2273
3412	2274
10240	2275
2752	2276
6832	2277
5128	2278
25972	2279
9232	2280
17332	2281
9232	2282
13012	2283
2896	2284
6856	2285
7720	2286
250504	2287
9232	2288
9232	2289
9232	2290
10312	2291
9232	2292
9232	2293
5812	2294
15496	2295
4372	2296
8728	2297
4372	2298
44224	2299
13120	2300
13120	2301
39364	2302
118096	2303
2304	2304
9232	2305
9232	2306
10384	2307
2308	2308
6928	2309
5200	2310
15604	2311
2312	2312
11716	2313
3472	2314
10420	2315
2608	2316
6952	2317
7828	2318
23488	2319
9232	2320
6964	2321
190996	2322
190996	2323
9232	2324
9232	2325
9232	2326
15712	2327
9232	2328
9232	2329
9232	2330
59776	2331
3940	2332
7000	2333
11824	2334
95956	2335
9232	2336
7012	2337
3508	2338
10528	2339
2968	2340
7024	2341
5272	2342
17800	2343
9232	2344
26728	2345
9232	2346
14308	2347
9232	2348
9232	2349
9232	2350
23812	2351
9232	2352
7060	2353
3976	2354
10600	2355
9232	2356
9232	2357
13444	2358
15928	2359
2360	2360
10096	2361
3544	2362
11968	2363
5992	2364
7096	2365
45520	2366
53944	2367
2368	2368
9232	2369
21688	2370
21688	2371
9232	2372
9232	2373
9232	2374
250504	2375
9232	2376
12040	2377
9232	2378
10708	2379
9232	2380
9232	2381
15280	2382
24136	2383
2384	2384
39364	2385
39364	2386
39364	2387
2388	2388
7168	2389
9232	2390
16144	2391
9232	2392
8080	2393
9232	2394
18196	2395
9232	2396
9232	2397
12148	2398
36448	2399
2400	2400
17332	2401
4372	2402
10816	2403
4372	2404
7216	2405
5416	2406
61720	2407
2408	2408
18304	2409
3616	2410
10852	2411
5812	2412
7240	2413
8152	2414
27520	2415
2416	2416
7252	2417
13120	2418
13120	2419
2420	2420
7264	2421
39364	2422
39364	2423
3076	2424
1276936	2425
3640	2426
12292	2427
9232	2428
9232	2429
27700	2430
83104	2431
2432	2432
7300	2433
9232	2434
10960	2435
9232	2436
9232	2437
9232	2438
16468	2439
2440	2440
13912	2441
3664	2442
10996	2443
2752	2444
7336	2445
9232	2446
24784	2447
2448	2448
9232	2449
9232	2450
11032	2451
2452	2452
7360	2453
9232	2454
16576	2455
2456	2456
9232	2457
3688	2458
95956	2459
10528	2460
10528	2461
12472	2462
250504	2463
2464	2464
7396	2465
9232	2466
11104	2467
9232	2468
9232	2469
9232	2470
18772	2471
2472	2472
42280	2473
3712	2474
23812	2475
9232	2476
9232	2477
9232	2478
25108	2479
9232	2480
7444	2481
4192	2482
11176	2483
9232	2484
9232	2485
9448	2486
16792	2487
9232	2488
8404	2489
9232	2490
45520	2491
9232	2492
9232	2493
18952	2494
95956	2495
2496	2496
9232	2497
250504	2498
250504	2499
2500	2500
7504	2501
5632	2502
16900	2503
9232	2504
12688	2505
9232	2506
11284	2507
9232	2508
9232	2509
14308	2510
25432	2511
2512	2512
9232	2513
9556	2514
11320	2515
2516	2516
7552	2517
8080	2518
17008	2519
2520	2520
8512	2521
3784	2522
19168	2523
4264	2524
7576	2525
138400	2526
138400	2527
2528	2528
14416	2529
3796	2530
11392	2531
3616	2532
7600	2533
5704	2534
61720	2535
2536	2536
21688	2537
3808	2538
32560	2539
3220	2540
7624	2541
8584	2542
48904	2543
9232	2544
7636	2545
4840	2546
11464	2547
9232	2548
9232	2549
39364	2550
39364	2551
9232	2552
1276936	2553
9232	2554
14560	2555
41524	2556
41524	2557
65608	2558
897856	2559
2560	2560
9232	2561
3844	2562
11536	2563
2752	2564
7696	2565
5776	2566
17332	2567
2568	2568
13012	2569
3856	2570
11572	2571
2896	2572
7720	2573
9232	2574
26080	2575
9232	2576
7732	2577
9232	2578
11608	2579
9232	2580
9232	2581
5812	2582
17440	2583
9232	2584
8728	2585
9232	2586
44224	2587
4372	2588
7768	2589
13120	2590
39364	2591
2592	2592
7780	2593
9232	2594
11680	2595
9232	2596
9232	2597
9232	2598
19744	2599
2600	2600
33352	2601
3904	2602
11716	2603
9232	2604
9232	2605
9232	2606
33424	2607
2608	2608
7828	2609
4408	2610
11752	2611
2612	2612
7840	2613
190996	2614
190996	2615
9232	2616
9448	2617
9232	2618
13264	2619
9232	2620
9232	2621
19924	2622
59776	2623
9232	2624
7876	2625
3940	2626
11824	2627
2628	2628
7888	2629
5920	2630
250504	2631
2632	2632
13336	2633
3952	2634
11860	2635
2968	2636
7912	2637
10024	2638
26728	2639
9232	2640
14308	2641
15064	2642
15064	2643
9232	2644
9232	2645
5956	2646
17872	2647
2648	2648
8944	2649
3976	2650
22660	2651
4480	2652
7960	2653
13444	2654
40336	2655
9232	2656
10096	2657
3988	2658
11968	2659
2660	2660
7984	2661
5992	2662
45520	2663
9232	2664
20248	2665
9232	2666
12004	2667
21688	2668
21688	2669
21688	2670
30436	2671
9232	2672
9232	2673
8584	2674
12040	2675
9232	2676
9232	2677
6784	2678
18088	2679
9232	2680
15280	2681
9232	2682
13588	2683
39364	2684
39364	2685
39364	2686
103336	2687
2688	2688
14560	2689
9232	2690
12112	2691
2752	2692
8080	2693
6064	2694
18196	2695
9232	2696
23056	2697
9232	2698
12148	2699
9232	2700
9232	2701
17332	2702
27376	2703
4372	2704
8116	2705
6856	2706
12184	2707
4372	2708
8128	2709
9232	2710
18304	2711
4372	2712
9232	2713
4372	2714
223072	2715
5812	2716
8152	2717
13768	2718
69712	2719
2720	2720
8728	2721
13120	2722
13120	2723
39364	2724
39364	2725
39364	2726
95956	2727
2728	2728
1276936	2729
4096	2730
12292	2731
3076	2732
8200	2733
9232	2734
27700	2735
9232	2736
8212	2737
4624	2738
12328	2739
9232	2740
9232	2741
10420	2742
18520	2743
9232	2744
9268	2745
9232	2746
13912	2747
6964	2748
8248	2749
20896	2750
225988	2751
2752	2752
9232	2753
9232	2754
12400	2755
9232	2756
9232	2757
9232	2758
18628	2759
9232	2760
13984	2761
9232	2762
12436	2763
9232	2764
9232	2765
95956	2766
95956	2767
2768	2768
8308	2769
10528	2770
12472	2771
2772	2772
8320	2773
6244	2774
18736	2775
9232	2776
9376	2777
9232	2778
26728	2779
9232	2780
9232	2781
15856	2782
42280	2783
2784	2784
23812	2785
4180	2786
12544	2787
9232	2788
9232	2789
9232	2790
80512	2791
2792	2792
21220	2793
4192	2794
15928	2795
3544	2796
8392	2797
9448	2798
71764	2799
9232	2800
8404	2801
45520	2802
45520	2803
9232	2804
9232	2805
9232	2806
18952	2807
9232	2808
21688	2809
9232	2810
40552	2811
250504	2812
250504	2813
250504	2814
144340	2815
2816	2816
9232	2817
9232	2818
12688	2819
2820	2820
8464	2821
6352	2822
19060	2823
9232	2824
14308	2825
9232	2826
39364	2827
9232	2828
9232	2829
9556	2830
28672	2831
2832	2832
9232	2833
8080	2834
12760	2835
2836	2836
8512	2837
9232	2838
19168	2839
2840	2840
12148	2841
4264	2842
138400	2843
4804	2844
8536	2845
14416	2846
43252	2847
2848	2848
8548	2849
4276	2850
12832	2851
3616	2852
8560	2853
6424	2854
21688	2855
2856	2856
32560	2857
4288	2858
12868	2859
3220	2860
8584	2861
9664	2862
28996	2863
2864	2864
8596	2865
4840	2866
12904	2867
2868	2868
8608	2869
39364	2870
39364	2871
9232	2872
1276936	2873
9232	2874
14560	2875
9232	2876
9232	2877
41524	2878
65608	2879
2880	2880
8644	2881
9232	2882
12976	2883
2884	2884
8656	2885
6496	2886
24676	2887
2888	2888
14632	2889
4336	2890
13012	2891
3256	2892
8680	2893
10996	2894
29320	2895
2896	2896
9232	2897
24784	2898
24784	2899
2900	2900
8704	2901
9232	2902
19600	2903
2904	2904
9808	2905
4360	2906
22084	2907
4912	2908
8728	2909
14740	2910
44224	2911
9232	2912
95956	2913
4372	2914
13120	2915
2916	2916
8752	2917
6568	2918
250504	2919
9232	2920
22192	2921
9232	2922
13156	2923
9232	2924
9232	2925
9880	2926
33352	2927
9232	2928
9232	2929
4948	2930
13192	2931
9232	2932
9232	2933
9232	2934
19816	2935
4192	2936
25108	2937
4408	2938
80512	2939
11176	2940
11176	2941
190996	2942
190996	2943
2944	2944
9448	2945
9232	2946
13264	2947
9232	2948
9232	2949
9232	2950
19924	2951
2952	2952
345544	2953
4432	2954
18952	2955
3328	2956
8872	2957
9988	2958
29968	2959
2960	2960
8884	2961
7504	2962
13336	2963
2964	2964
8896	2965
9232	2966
20032	2967
2968	2968
10024	2969
4456	2970
33856	2971
14308	2972
14308	2973
15064	2974
50848	2975
2976	2976
9232	2977
4468	2978
13408	2979
8080	2980
8944	2981
8080	2982
22660	2983
2984	2984
51028	2985
4480	2986
13444	2987
4264	2988
8968	2989
10096	2990
30292	2991
2992	2992
8980	2993
5056	2994
13480	2995
2996	2996
8992	2997
11392	2998
20248	2999
3000	3000
10132	3001
4504	3002
15208	3003
21688	3004
21688	3005
22840	3006
250504	3007
9232	3008
9028	3009
8584	3010
13552	3011
3012	3012
9040	3013
6784	3014
28996	3015
9232	3016
15280	3017
9232	3018
13588	3019
9232	3020
9232	3021
39364	3022
39364	3023
9232	3024
9232	3025
14560	3026
14560	3027
9232	3028
9232	3029
65608	3030
65608	3031
3032	3032
10240	3033
4552	3034
23056	3035
5128	3036
9112	3037
25972	3038
46168	3039
9232	3040
17332	3041
9232	3042
13696	3043
3044	3044
9136	3045
6856	3046
34720	3047
9232	3048
250504	3049
9232	3050
26080	3051
9232	3052
9232	3053
10312	3054
223072	3055
4372	3056
9232	3057
5812	3058
13768	3059
4372	3060
9184	3061
8728	3062
20680	3063
13120	3064
44224	3065
13120	3066
17476	3067
39364	3068
39364	3069
118096	3070
1276936	3071
3072	3072
9232	3073
9232	3074
13840	3075
3076	3076
9232	3077
6928	3078
20788	3079
3080	3080
15604	3081
4624	3082
13876	3083
3472	3084
9256	3085
10420	3086
31264	3087
9232	3088
9268	3089
7828	3090
13912	3091
9232	3092
9280	3093
6964	3094
20896	3095
9232	3096
190996	3097
9232	3098
67048	3099
9232	3100
9304	3101
15712	3102
59668	3103
9232	3104
9316	3105
9232	3106
13984	3107
3940	3108
9328	3109
7000	3110
23632	3111
9232	3112
95956	3113
9232	3114
14020	3115
3508	3116
9352	3117
10528	3118
31588	3119
9232	3120
9364	3121
5272	3122
14056	3123
9232	3124
9376	3125
26728	3126
26728	3127
9232	3128
14308	3129
9232	3130
15856	3131
9232	3132
9400	3133
23812	3134
71440	3135
3136	3136
9412	3137
4708	3138
14128	3139
9232	3140
9424	3141
9232	3142
21220	3143
3144	3144
15928	3145
4720	3146
14164	3147
3544	3148
9448	3149
11968	3150
31912	3151
3152	3152
9460	3153
45520	3154
45520	3155
3156	3156
9472	3157
9232	3158
21328	3159
9232	3160
21688	3161
9232	3162
40552	3163
9232	3164
9496	3165
250504	3166
250504	3167
3168	3168
12040	3169
9232	3170
14272	3171
9232	3172
9520	3173
9232	3174
695464	3175
3176	3176
24136	3177
4768	3178
14308	3179
39364	3180
39364	3181
39364	3182
40804	3183
9232	3184
9556	3185
9232	3186
14344	3187
9232	3188
9568	3189
8080	3190
21544	3191
9232	3192
18196	3193
9232	3194
16180	3195
12148	3196
12148	3197
36448	3198
138400	3199
3200	3200
17332	3201
4804	3202
14416	3203
4372	3204
9616	3205
7216	3206
21652	3207
3208	3208
61720	3209
4816	3210
14452	3211
3616	3212
9640	3213
10852	3214
32560	3215
3216	3216
9652	3217
8152	3218
14488	3219
3220	3220
9664	3221
7252	3222
21760	3223
3224	3224
13120	3225
4840	3226
176740	3227
39364	3228
39364	3229
39364	3230
209680	3231
3232	3232
1276936	3233
4852	3234
14560	3235
9232	3236
9712	3237
9232	3238
41524	3239
3240	3240
83104	3241
4864	3242
14596	3243
9232	3244
9736	3245
10960	3246
32884	3247
3248	3248
9748	3249
9232	3250
14632	3251
3252	3252
9760	3253
13912	3254
21976	3255
3256	3256
10996	3257
4888	3258
20896	3259
9232	3260
9784	3261
24784	3262
74356	3263
3264	3264
9796	3265
9232	3266
14704	3267
3268	3268
9808	3269
7360	3270
22084	3271
3272	3272
16576	3273
4912	3274
14740	3275
3688	3276
9832	3277
95956	3278
95956	3279
3280	3280
10528	3281
12472	3282
14776	3283
3284	3284
9856	3285
7396	3286
22192	3287
9232	3288
11104	3289
9232	3290
25000	3291
9232	3292
9880	3293
18772	3294
50056	3295
9232	3296
42280	3297
4948	3298
14848	3299
9232	3300
9904	3301
9232	3302
37636	3303
9232	3304
25108	3305
9232	3306
80512	3307
4192	3308
9928	3309
11176	3310
190996	3311
9232	3312
9940	3313
9448	3314
14920	3315
9232	3316
9952	3317
8404	3318
22408	3319
9232	3320
45520	3321
9232	3322
345544	3323
18952	3324
18952	3325
95956	3326
170584	3327
3328	3328
9988	3329
250504	3330
250504	3331
3332	3332
10000	3333
7504	3334
250504	3335
9232	3336
16900	3337
9232	3338
15028	3339
9232	3340
10024	3341
11284	3342
33856	3343
3344	3344
10036	3345
14308	3346
15064	3347
3348	3348
10048	3349
9232	3350
22624	3351
3352	3352
11320	3353
5032	3354
86020	3355
8080	3356
10072	3357
17008	3358
51028	3359
3360	3360
10084	3361
5044	3362
15136	3363
4264	3364
10096	3365
7576	3366
25576	3367
3368	3368
138400	3369
5056	3370
15172	3371
3796	3372
10120	3373
11392	3374
34180	3375
3376	3376
10132	3377
5704	3378
15208	3379
3380	3380
10144	3381
21688	3382
22840	3383
3384	3384
32560	3385
5080	3386
17152	3387
8584	3388
10168	3389
48904	3390
77272	3391
3392	3392
10180	3393
5092	3394
15280	3395
9232	3396
10192	3397
9232	3398
176740	3399
9232	3400
39364	3401
9232	3402
15316	3403
9232	3404
10216	3405
14560	3406
34504	3407
3408	3408
41524	3409
65608	3410
65608	3411
3412	3412
10240	3413
9232	3414
23056	3415
3416	3416
11536	3417
5128	3418
25972	3419
5776	3420
10264	3421
17332	3422
52000	3423
9232	3424
13012	3425
5140	3426
15424	3427
3428	3428
10288	3429
7720	3430
250504	3431
9232	3432
26080	3433
9232	3434
24784	3435
9232	3436
10312	3437
11608	3438
39184	3439
9232	3440
10324	3441
5812	3442
15496	3443
9232	3444
10336	3445
8728	3446
23272	3447
4372	3448
44224	3449
5176	3450
17476	3451
13120	3452
13120	3453
39364	3454
118096	3455
9232	3456
10372	3457
9232	3458
15568	3459
9232	3460
10384	3461
9232	3462
23380	3463
3464	3464
19744	3465
5200	3466
15604	3467
3904	3468
10408	3469
11716	3470
35152	3471
3472	3472
10420	3473
9232	3474
15640	3475
3476	3476
10432	3477
7828	3478
23488	3479
3480	3480
11752	3481
5224	3482
80512	3483
190996	3484
190996	3485
190996	3486
67048	3487
9232	3488
10468	3489
9232	3490
15712	3491
9232	3492
10480	3493
9232	3494
26548	3495
9232	3496
59776	3497
9232	3498
345544	3499
3940	3500
10504	3501
11824	3502
95956	3503
3504	3504
10516	3505
5920	3506
15784	3507
3508	3508
10528	3509
13336	3510
23704	3511
3512	3512
11860	3513
5272	3514
17800	3515
10024	3516
10552	3517
26728	3518
202984	3519
9232	3520
14308	3521
15064	3522
15856	3523
9232	3524
10576	3525
9232	3526
23812	3527
3528	3528
17872	3529
5296	3530
15892	3531
3976	3532
10600	3533
22660	3534
35800	3535
9232	3536
10612	3537
13444	3538
15928	3539
9232	3540
10624	3541
10096	3542
23920	3543
3544	3544
11968	3545
5320	3546
26944	3547
5992	3548
10648	3549
45520	3550
53944	3551
9232	3552
20248	3553
9232	3554
16000	3555
21688	3556
21688	3557
21688	3558
40552	3559
9232	3560
30436	3561
9232	3562
250504	3563
8584	3564
10696	3565
12040	3566
146500	3567
9232	3568
10708	3569
6784	3570
16072	3571
9232	3572
10720	3573
15280	3574
24136	3575
39364	3576
13588	3577
39364	3578
20392	3579
39364	3580
39364	3581
103336	3582
275560	3583
3584	3584
14560	3585
9232	3586
16144	3587
3588	3588
10768	3589
8080	3590
65608	3591
9232	3592
18196	3593
9232	3594
16180	3595
9232	3596
10792	3597
12148	3598
36448	3599
4372	3600
10804	3601
17332	3602
17332	3603
4372	3604
10816	3605
8116	3606
24352	3607
4372	3608
12184	3609
5416	3610
61720	3611
9232	3612
10840	3613
18304	3614
54916	3615
3616	3616
10852	3617
5428	3618
16288	3619
5812	3620
10864	3621
8152	3622
27520	3623
3624	3624
69712	3625
5440	3626
16324	3627
13120	3628
13120	3629
13120	3630
176740	3631
3632	3632
39364	3633
39364	3634
39364	3635
3636	3636
10912	3637
1276936	3638
1276936	3639
3640	3640
12292	3641
5464	3642
18448	3643
9232	3644
10936	3645
27700	3646
83104	3647
3648	3648
10948	3649
5476	3650
16432	3651
9232	3652
10960	3653
9232	3654
24676	3655
9232	3656
18520	3657
9232	3658
16468	3659
9232	3660
10984	3661
13912	3662
37096	3663
3664	3664
10996	3665
20896	3666
20896	3667
3668	3668
11008	3669
9232	3670
24784	3671
9232	3672
12400	3673
9232	3674
31408	3675
9232	3676
11032	3677
18628	3678
55888	3679
3680	3680
13984	3681
9232	3682
16576	3683
9232	3684
11056	3685
9232	3686
63016	3687
3688	3688
95956	3689
5536	3690
16612	3691
10528	3692
11080	3693
12472	3694
250504	3695
9232	3696
11092	3697
6244	3698
16648	3699
9232	3700
11104	3701
9376	3702
25000	3703
9232	3704
26728	3705
9232	3706
18772	3707
15856	3708
15856	3709
42280	3710
481624	3711
3712	3712
23812	3713
5572	3714
16720	3715
9232	3716
11152	3717
9232	3718
25108	3719
3720	3720
80512	3721
5584	3722
16756	3723
4192	3724
11176	3725
15928	3726
37744	3727
9232	3728
11188	3729
9448	3730
16792	3731
9232	3732
11200	3733
8404	3734
25216	3735
9232	3736
45520	3737
9232	3738
345544	3739
9232	3740
11224	3741
18952	3742
95956	3743
3744	3744
21688	3745
9232	3746
16864	3747
250504	3748
250504	3749
250504	3750
32056	3751
3752	3752
144340	3753
5632	3754
16900	3755
9232	3756
11272	3757
12688	3758
38068	3759
9232	3760
11284	3761
6352	3762
16936	3763
9232	3764
11296	3765
14308	3766
25432	3767
9232	3768
39364	3769
9232	3770
39364	3771
9556	3772
11320	3773
28672	3774
86020	3775
3776	3776
11332	3777
8080	3778
17008	3779
3780	3780
11344	3781
8512	3782
25540	3783
3784	3784
19168	3785
5680	3786
17044	3787
4264	3788
11368	3789
138400	3790
138400	3791
3792	3792
11380	3793
14416	3794
17080	3795
3796	3796
11392	3797
8548	3798
25648	3799
3800	3800
12832	3801
5704	3802
61720	3803
6424	3804
11416	3805
21688	3806
57832	3807
3808	3808
32560	3809
5716	3810
17152	3811
3812	3812
11440	3813
8584	3814
48904	3815
3816	3816
28996	3817
5728	3818
21760	3819
4840	3820
11464	3821
12904	3822
98008	3823
9232	3824
11476	3825
39364	3826
39364	3827
9232	3828
11488	3829
1276936	3830
1276936	3831
9232	3832
14560	3833
9232	3834
32776	3835
41524	3836
41524	3837
65608	3838
897856	3839
3840	3840
11524	3841
9232	3842
17296	3843
3844	3844
11536	3845
8656	3846
25972	3847
3848	3848
24676	3849
5776	3850
17332	3851
4336	3852
11560	3853
13012	3854
39040	3855
3856	3856
11572	3857
10996	3858
17368	3859
3860	3860
11584	3861
9232	3862
26080	3863
3864	3864
24784	3865
5800	3866
223072	3867
9232	3868
11608	3869
19600	3870
58804	3871
9232	3872
11620	3873
5812	3874
17440	3875
4912	3876
11632	3877
8728	3878
29464	3879
9232	3880
44224	3881
9232	3882
17476	3883
4372	3884
11656	3885
13120	3886
39364	3887
9232	3888
11668	3889
6568	3890
17512	3891
9232	3892
11680	3893
22192	3894
26296	3895
9232	3896
13156	3897
9232	3898
19744	3899
9880	3900
11704	3901
33352	3902
88936	3903
3904	3904
11716	3905
5860	3906
17584	3907
9232	3908
11728	3909
9232	3910
33424	3911
4192	3912
19816	3913
5872	3914
17620	3915
4408	3916
11752	3917
80512	3918
80512	3919
3920	3920
11764	3921
190996	3922
190996	3923
3924	3924
11776	3925
9448	3926
26512	3927
9232	3928
13264	3929
9232	3930
85048	3931
9232	3932
11800	3933
19924	3934
59776	3935
3936	3936
345544	3937
5908	3938
17728	3939
3940	3940
11824	3941
8872	3942
575728	3943
3944	3944
29968	3945
5920	3946
250504	3947
7504	3948
11848	3949
13336	3950
45016	3951
3952	3952
11860	3953
9232	3954
17800	3955
3956	3956
11872	3957
10024	3958
26728	3959
14308	3960
33856	3961
14308	3962
20068	3963
15064	3964
15064	3965
50848	3966
135592	3967
9232	3968
11908	3969
5956	3970
17872	3971
8080	3972
11920	3973
8944	3974
26836	3975
3976	3976
22660	3977
5968	3978
17908	3979
4480	3980
11944	3981
13444	3982
40336	3983
3984	3984
11956	3985
10096	3986
17944	3987
3988	3988
11968	3989
8980	3990
26944	3991
3992	3992
13480	3993
5992	3994
45520	3995
11392	3996
11992	3997
20248	3998
129760	3999
9232	4000
12004	4001
6004	4002
18016	4003
21688	4004
21688	4005
21688	4006
30436	4007
9232	4008
250504	4009
9232	4010
32560	4011
8584	4012
12040	4013
13552	4014
40660	4015
9232	4016
12052	4017
6784	4018
18088	4019
9232	4020
12064	4021
15280	4022
27160	4023
9232	4024
13588	4025
9232	4026
20392	4027
39364	4028
39364	4029
39364	4030
103336	4031
9232	4032
12100	4033
14560	4034
18160	4035
9232	4036
12112	4037
9232	4038
32776	4039
4040	4040
65608	4041
6064	4042
18196	4043
4552	4044
12136	4045
23056	4046
40984	4047
9232	4048
12148	4049
25972	4050
25972	4051
9232	4052
12160	4053
17332	4054
27376	4055
4056	4056
13696	4057
6088	4058
30832	4059
6856	4060
12184	4061
34720	4062
61720	4063
4372	4064
250504	4065
9232	4066
18304	4067
9232	4068
12208	4069
9232	4070
46384	4071
4372	4072
223072	4073
6112	4074
39184	4075
5812	4076
12232	4077
13768	4078
69712	4079
13120	4080
12244	4081
8728	4082
18376	4083
13120	4084
13120	4085
44224	4086
44224	4087
39364	4088
17476	4089
39364	4090
95956	4091
118096	4092
118096	4093
1276936	4094
1276936	4095
4096	4096
12292	4097
9232	4098
18448	4099
4100	4100
12304	4101
9232	4102
27700	4103
4104	4104
20788	4105
6160	4106
18484	4107
4624	4108
12328	4109
13876	4110
41632	4111
9232	4112
12340	4113
10420	4114
18520	4115
9232	4116
12352	4117
9268	4118
27808	4119
9232	4120
13912	4121
9232	4122
70468	4123
6964	4124
12376	4125
20896	4126
225988	4127
9232	4128
190996	4129
9232	4130
18592	4131
9232	4132
12400	4133
9304	4134
31408	4135
9232	4136
59668	4137
9232	4138
18628	4139
9232	4140
12424	4141
13984	4142
41956	4143
9232	4144
12436	4145
7000	4146
18664	4147
9232	4148
12448	4149
95956	4150
95956	4151
4152	4152
14020	4153
6232	4154
21040	4155
10528	4156
12472	4157
31588	4158
94768	4159
4160	4160
12484	4161
6244	4162
18736	4163
9232	4164
12496	4165
9376	4166
60100	4167
9232	4168
26728	4169
9232	4170
18772	4171
9232	4172
12520	4173
15856	4174
42280	4175
4176	4176
12532	4177
23812	4178
23812	4179
4180	4180
12544	4181
9412	4182
28240	4183
9232	4184
14128	4185
9232	4186
80512	4187
9232	4188
12568	4189
21220	4190
63664	4191
4192	4192
15928	4193
6292	4194
18880	4195
4196	4196
12592	4197
9448	4198
71764	4199
4200	4200
31912	4201
6304	4202
26944	4203
45520	4204
45520	4205
45520	4206
345544	4207
9232	4208
12628	4209
9232	4210
18952	4211
9232	4212
12640	4213
21688	4214
28456	4215
9232	4216
40552	4217
9232	4218
21688	4219
250504	4220
250504	4221
250504	4222
144340	4223
4224	4224
12676	4225
9232	4226
19024	4227
9232	4228
12688	4229
9520	4230
28564	4231
4232	4232
695464	4233
6352	4234
19060	4235
4768	4236
12712	4237
14308	4238
42928	4239
9232	4240
39364	4241
39364	4242
39364	4243
9232	4244
12736	4245
9556	4246
28672	4247
9232	4248
14344	4249
9232	4250
48436	4251
8080	4252
12760	4253
21544	4254
6810136	4255
4256	4256
18196	4257
9232	4258
19168	4259
12148	4260
12784	4261
12148	4262
599056	4263
4264	4264
138400	4265
6400	4266
19204	4267
4804	4268
12808	4269
14416	4270
43252	4271
4272	4272
12820	4273
7216	4274
19240	4275
4276	4276
12832	4277
61720	4278
61720	4279
4280	4280
14452	4281
6424	4282
21688	4283
10852	4284
12856	4285
32560	4286
97684	4287
4288	4288
12868	4289
8152	4290
19312	4291
4292	4292
12880	4293
9664	4294
28996	4295
4296	4296
21760	4297
6448	4298
19348	4299
4840	4300
12904	4301
176740	4302
176740	4303
4304	4304
39364	4305
39364	4306
39364	4307
4308	4308
12928	4309
1276936	4310
1276936	4311
9232	4312
14560	4313
9232	4314
32776	4315
9232	4316
12952	4317
41524	4318
65608	4319
4320	4320
83104	4321
6484	4322
19456	4323
9232	4324
12976	4325
9736	4326
49300	4327
4328	4328
32884	4329
6496	4330
24676	4331
9232	4332
13000	4333
14632	4334
166696	4335
4336	4336
13012	4337
13912	4338
19528	4339
4340	4340
13024	4341
10996	4342
29320	4343
9232	4344
20896	4345
9232	4346
225988	4347
24784	4348
24784	4349
74356	4350
223072	4351
4352	4352
13060	4353
9232	4354
19600	4355
4356	4356
13072	4357
9808	4358
29428	4359
4360	4360
22084	4361
6544	4362
19636	4363
4912	4364
13096	4365
14740	4366
44224	4367
4368	4368
13108	4369
95956	4370
95956	4371
4372	4372
13120	4373
10528	4374
29536	4375
4376	4376
14776	4377
6568	4378
250504	4379
7396	4380
13144	4381
22192	4382
66580	4383
9232	4384
13156	4385
9232	4386
19744	4387
9232	4388
13168	4389
9880	4390
33352	4391
9232	4392
50056	4393
9232	4394
19780	4395
4948	4396
13192	4397
14848	4398
67768	4399
9232	4400
13204	4401
9232	4402
19816	4403
9232	4404
13216	4405
25108	4406
29752	4407
4408	4408
80512	4409
6616	4410
22336	4411
11176	4412
13240	4413
190996	4414
190996	4415
4416	4416
13252	4417
9448	4418
19888	4419
9232	4420
13264	4421
9952	4422
85048	4423
9232	4424
22408	4425
9232	4426
19924	4427
9232	4428
13288	4429
345544	4430
345544	4431
4432	4432
18952	4433
95956	4434
95956	4435
4436	4436
13312	4437
9988	4438
29968	4439
4440	4440
250504	4441
6664	4442
33748	4443
7504	4444
13336	4445
250504	4446
250504	4447
4448	4448
16900	4449
9232	4450
20032	4451
9232	4452
13360	4453
10024	4454
114208	4455
4456	4456
33856	4457
6688	4458
20068	4459
14308	4460
14308	4461
15064	4462
50848	4463
4464	4464
13396	4465
9232	4466
20104	4467
4468	4468
13408	4469
11320	4470
30184	4471
8080	4472
86020	4473
8080	4474
22660	4475
17008	4476
17008	4477
51028	4478
153088	4479
4480	4480
13444	4481
6724	4482
20176	4483
4484	4484
13456	4485
10096	4486
30292	4487
4488	4488
25576	4489
6736	4490
138400	4491
5056	4492
13480	4493
15172	4494
45520	4495
4496	4496
13492	4497
11392	4498
20248	4499
4500	4500
13504	4501
10132	4502
30400	4503
4504	4504
15208	4505
6760	4506
61720	4507
21688	4508
21688	4509
22840	4510
250504	4511
4512	4512
32560	4513
6772	4514
20320	4515
8584	4516
13552	4517
10168	4518
34324	4519
4520	4520
77272	4521
6784	4522
28996	4523
5092	4524
13576	4525
15280	4526
45844	4527
9232	4528
13588	4529
9232	4530
20392	4531
9232	4532
13600	4533
39364	4534
39364	4535
9232	4536
15316	4537
9232	4538
1276936	4539
14560	4540
14560	4541
34504	4542
1276936	4543
9232	4544
41524	4545
65608	4546
65608	4547
4548	4548
13648	4549
10240	4550
83104	4551
4552	4552
23056	4553
6832	4554
20500	4555
5128	4556
13672	4557
25972	4558
46168	4559
9232	4560
13684	4561
17332	4562
20536	4563
9232	4564
13696	4565
13012	4566
30832	4567
4568	4568
15424	4569
6856	4570
34720	4571
7720	4572
13720	4573
250504	4574
250504	4575
9232	4576
26080	4577
9232	4578
20608	4579
9232	4580
13744	4581
10312	4582
223072	4583
9232	4584
39184	4585
9232	4586
58804	4587
5812	4588
13768	4589
15496	4590
8153620	4591
4592	4592
13780	4593
8728	4594
20680	4595
4596	4596
13792	4597
44224	4598
44224	4599
13120	4600
17476	4601
13120	4602
95956	4603
39364	4604
39364	4605
118096	4606
1276936	4607
4608	4608
13828	4609
9232	4610
20752	4611
9232	4612
13840	4613
10384	4614
31156	4615
4616	4616
23380	4617
6928	4618
20788	4619
5200	4620
13864	4621
15604	4622
46816	4623
4624	4624
13876	4625
11716	4626
20824	4627
4628	4628
13888	4629
10420	4630
31264	4631
4632	4632
15640	4633
6952	4634
79216	4635
7828	4636
13912	4637
23488	4638
70468	4639
9232	4640
13924	4641
6964	4642
20896	4643
190996	4644
190996	4645
190996	4646
35296	4647
9232	4648
67048	4649
9232	4650
20932	4651
9232	4652
13960	4653
15712	4654
59668	4655
9232	4656
13972	4657
9232	4658
20968	4659
9232	4660
13984	4661
59776	4662
59776	4663
4664	4664
345544	4665
7000	4666
23632	4667
11824	4668
14008	4669
95956	4670
106432	4671
9232	4672
14020	4673
7012	4674
21040	4675
4676	4676
14032	4677
10528	4678
31588	4679
4680	4680
23704	4681
7024	4682
21076	4683
5272	4684
14056	4685
17800	4686
47464	4687
9232	4688
14068	4689
26728	4690
26728	4691
9232	4692
14080	4693
14308	4694
31696	4695
9232	4696
15856	4697
9232	4698
67768	4699
9232	4700
14104	4701
23812	4702
71440	4703
9232	4704
17872	4705
7060	4706
21184	4707
4708	4708
14128	4709
10600	4710
80512	4711
9232	4712
35800	4713
9232	4714
21220	4715
13444	4716
14152	4717
15928	4718
53764	4719
4720	4720
14164	4721
10096	4722
21256	4723
4724	4724
14176	4725
11968	4726
31912	4727
5992	4728
26944	4729
7096	4730
23956	4731
45520	4732
45520	4733
53944	4734
182068	4735
4736	4736
20248	4737
9232	4738
21328	4739
21688	4740
21688	4741
21688	4742
32020	4743
9232	4744
40552	4745
9232	4746
21688	4747
9232	4748
14248	4749
250504	4750
250504	4751
9232	4752
14260	4753
12040	4754
21400	4755
9232	4756
14272	4757
10708	4758
32128	4759
9232	4760
16072	4761
9232	4762
695464	4763
15280	4764
15280	4765
24136	4766
122200	4767
4768	4768
14308	4769
39364	4770
39364	4771
39364	4772
39364	4773
39364	4774
40804	4775
4776	4776
275560	4777
7168	4778
21508	4779
9232	4780
14344	4781
16144	4782
48436	4783
9232	4784
14356	4785
8080	4786
21544	4787
9232	4788
14368	4789
18196	4790
32344	4791
9232	4792
16180	4793
9232	4794
24280	4795
12148	4796
14392	4797
36448	4798
138400	4799
4800	4800
14404	4801
17332	4802
21616	4803
4804	4804
14416	4805
10816	4806
32452	4807
4808	4808
24352	4809
7216	4810
21652	4811
5416	4812
14440	4813
61720	4814
61720	4815
4816	4816
14452	4817
18304	4818
21688	4819
4820	4820
14464	4821
10852	4822
32560	4823
5812	4824
16288	4825
7240	4826
223072	4827
8152	4828
14488	4829
27520	4830
73384	4831
4832	4832
69712	4833
7252	4834
21760	4835
13120	4836
14512	4837
13120	4838
93040	4839
4840	4840
176740	4841
7264	4842
44224	4843
39364	4844
39364	4845
39364	4846
209680	4847
4848	4848
14548	4849
1276936	4850
1276936	4851
4852	4852
14560	4853
12292	4854
32776	4855
9232	4856
18448	4857
9232	4858
41524	4859
27700	4860
27700	4861
83104	4862
599056	4863
4864	4864
14596	4865
7300	4866
21904	4867
9232	4868
14608	4869
10960	4870
32884	4871
9232	4872
24676	4873
9232	4874
21940	4875
9232	4876
14632	4877
16468	4878
49408	4879
4880	4880
14644	4881
13912	4882
21976	4883
4884	4884
14656	4885
10996	4886
32992	4887
4888	4888
20896	4889
7336	4890
225988	4891
9232	4892
14680	4893
24784	4894
74356	4895
4896	4896
14692	4897
9232	4898
22048	4899
9232	4900
14704	4901
11032	4902
59668	4903
4904	4904
55888	4905
7360	4906
22084	4907
9232	4908
14728	4909
16576	4910
59776	4911
4912	4912
14740	4913
9232	4914
22120	4915
4916	4916
14752	4917
95956	4918
95956	4919
10528	4920
16612	4921
10528	4922
24928	4923
12472	4924
14776	4925
250504	4926
250504	4927
4928	4928
14788	4929
7396	4930
22192	4931
9232	4932
14800	4933
11104	4934
144340	4935
9232	4936
25000	4937
9232	4938
22228	4939
9232	4940
14824	4941
18772	4942
50056	4943
4944	4944
15856	4945
42280	4946
42280	4947
4948	4948
14848	4949
23812	4950
33424	4951
9232	4952
16720	4953
9232	4954
37636	4955
9232	4956
14872	4957
25108	4958
75328	4959
9232	4960
80512	4961
7444	4962
22336	4963
4964	4964
14896	4965
11176	4966
190996	4967
9232	4968
37744	4969
9232	4970
22372	4971
9448	4972
14920	4973
16792	4974
56680	4975
9232	4976
14932	4977
8404	4978
22408	4979
9232	4980
14944	4981
45520	4982
45520	4983
9232	4984
345544	4985
9232	4986
182068	4987
18952	4988
18952	4989
95956	4990
170584	4991
4992	4992
21688	4993
9232	4994
22480	4995
250504	4996
250504	4997
250504	4998
33748	4999
5000	5000